# Fictional website traffic data for the past 30 days
date         page_views  unique_visitors  avg_duration_mins  bounce_rate
2025-05-01   1520        1150             5.2                35.5
2025-05-02   1630        1210             5.8                32.1
2025-05-03   1580        1190             5.5                34.0
2025-05-04   1750        1350             6.1                29.8
2025-05-05   2200        1810             7.5                25.2
2025-05-06   2150        1750             7.2                26.0
2025-05-07   1980        1620             6.8                28.1
2025-05-08   1890        1550             6.5                30.5
2025-05-09   2050        1710             7.1                27.3
2025-05-10   2310        1890             8.0                24.1
2025-05-11   2450        2010             8.5                22.0
2025-05-12   2560        2150             9.1                20.5
2025-05-13   2380        1980             8.2                23.8
2025-05-14   2250        1850             7.8                25.9
2025-05-15   2100        1750             7.3                28.4
2025-05-16   2180        1810             7.6                26.7
2025-05-17   2600        2200             9.5                19.8
2025-05-18   2750        2350             10.2               18.2
2025-05-19   2810        2410             10.8               17.5
2025-05-20   2650        2250             9.8                21.3
2025-05-21   2450        2080             8.9                24.0
2025-05-22   2300        1950             8.1                26.1
2025-05-23   2400        2050             8.5                25.5
2025-05-24   2950        2550             11.2               16.9
2025-05-25   3100        2680             12.0               15.1
2025-05-26   3050        2610             11.8               16.0
2025-05-27   2890        2450             11.1               18.3
2025-05-28   2780        2350             10.5               19.9
2025-05-29   2670        2280             9.9                22.4
2025-05-30   2590        2190             9.3                24.7
